$ANSIBLE_VAULT;1.2;AES256;dev
66366134366432633130366332643239396336313366323361653431623433656338323335633366
3464626335366264316439656262646238306231373834630a373636666363366437376362616664
34313461303739616532643665356163356334613163643464363839343131633333613439623139
3564343334656161620a326663333065313161663636643937636635363933626363643636303837
63343036303066343066633462323438303964393261616566366161653863303965373538336664
66626664363031323363396365333066616336366133363532393534663733613531306363396630
31323162663232636530353839313961326530353931616634663563396361383464333563316465
62643833353239396665623435363738633737353931313664663030376534343762663532656161
36373962656232653763313030396437343538656633636561383731366363613134356663653961
39343331353362633961356437623031643231393364366262313464646466653031363862653130
37396639663064383537623033313932626464323730393035633661356337343435353665393366
63323464653433363032396339383739346661363236623130313139383239653966346138616535
35373233383731383665373932386238303735633634633565633435343738643735316137313161
65393136656231626139666564656263633532376332396463663162313265623939623030303161
36666134383764663936303165626432316137643664666432643763336465323464336337376466
31333833333937313833376135386566393634643731626234616236666561376162636164343534
30333064333932386464633366646236323066303935323634643064343730646164373939643632
31656237623434316565613533636164323837636438643334363839376661633564653137626566
65363834343930373663643336376465303563613431623532323064346266373734666266316634
63393961313538316433306565626330323235383930396164623131373632666363623466336335
35643262356634626464633237346434333265383466613435373737653336323837306262323231
64353563393735363430636362393764353833653834353330646666393635343862373739646239
65326233363839343138303964353938643865633362323932616231303833323565653763373464
32373938313661336562353066323033393035336162626136393231303265636434323432303333
64323534323332646632376335393163323034653734313433346533643730303730353163323339
30363836386463346265636232366137396366623762306632653066373334396164333734626136
38633038393531313836383664356636636436653035306464383063356230353133323765396130
34343966663138343138656234373336346266653736303931323434343861356361636138303538
62313733363261373533366535353731646437366136363364373264363839313039623862613737
39316134326132616665373437313131323230353264616135346662636235336239323562376133
30303739346236353138333666336538326239363162663265383036343032623636636462633334
30383033363464343231663761613032363166306162623063306137623764626438373330613036
37616435636332666635636531623633363432626662393534303839653637623666353634383032
36666633303466643438343065386263326337663630396530663764346466623266393030633534
63353835316364333536316637633130333664306366666630316566336362323238303734623337
62323533643335316363303361366331306361303366316163643964633030386230656263646536
63376535313663626436386535333033333238396264386533303266353533363466383334383966
36633164363066373534383831613532353662653964356334333434326535336262663837643066
33383135303538376463666434656330383761333136393537393439323133656637623261363739
32393862346266653165373735356135333334346436393639626130363038313931366664313538
30643134393836383739386331326435646636333764663336633337343462343635333966323764
61633163656138633336613733306636346235656230653032376336386333333832666536326266
36653166313237643936366137363034346265656161373834336230643535353061313135616132
30643162643765326130363733303964366331633634383334326661653436373965373761663933
33383232383136383665353139313130303864633362666263393437653466643763636435323232
34623137376634313762366365333738366531626631623832373061346237356335376565306134
32333130353665386139323764613932343836336535393865303535643732323561373563623761
65343561313833356633663331373137613932623132653561333337313366306535366165343834
36313436316630646633616337306439623930373062653639356564316135363361393738316462
30653332343664643461663163656362376435393931353566366430636561393463623237393230
66333636663332323630366333313131323063393564333937386461363039393932363530383637
30383963363132656565613761663262626635313734656538343832663333653737313836613839
64623038373137663764346265353033623135623630303763353034313231363665343332353539
32396535336565666135343331633761343063623234323831323738613135316537306331663663
62326566616466333531353431363164613033353261373030313836633961363063623537386631
64386134376637623834316362646539353730383264636531366564633737333931333433333162
65363237373232306563643466333662656532613030313164346331353037326338366461373336
63666561666237303766633331666635666162326539353931663637653838316539356363653063
62323432346564636331373362646634666230323861323766626331356364616231303432363531
31313664386131323338343064363333616231383430393366373164356264313335393563363738
63303038306265626461363537343062396663376433306563376630633561313432383536666337
61306532646134653931623434333365313362363635623961376336333437373463376466303166
33636532386366313632376631633962613530363534396430643035343136313961613765663736
35396566363262323163653731643534376239643666323636613634663334623664393930656335
38323565336533306338383263363739316139613662666336386134616661666233626332353038
31376537616364376532623531396137386563366333366665653964393434343839663564303930
61366661626130343965393965663432373364373633343265373134326362663435393831646531
36343561363630613866643637393338366639323662383863666337616430613662386361636330
31393563633737333130303637386465643531623565653634646330343866326461636334313833
63383237303430386139646533656439656630643166386566313061626134636538656539636532
66326131363532383636653063366439326438373266313531663139336138343538643036643731
39353862336635346666383934656231343335656335656130623665393462663437356337353038
31333134303862396262376338353234333831633238393138373762623731306364636164313437
33623431303937383037373061313438346430633066363262636437373839356631346637323562
66383263623533636263616566666161306231653961333639623035633739616464393634353935
37653936343231316261333735633064396532646662623530303733623833383861666262326261
36353132336137306137353165323833343637333138313966376436623661653766363866383931
37353430356435306532626165313735666165626538353536326566333161633062623635336434
33306231323531646665353036626166376238373162393237366365623863326666336164343638
33663562653236343031363639346165396535313562303234653338353133326537646438393935
61663663653738366663663565636537373764643536633037386635626437643539633737393462
64336634653237376432653235623066643162303936353932383161653236623162636366613664
34623261356130396564376562633336626266386630623037343133383137396566383963626539
32386639663130623262306439633432386230373166643034306161666661666464313336636566
35346430613838636139653930653635333663393636386461316537633564343361343665383533
38396165653536386532623337666632313933333833313730633563363638376637616663666234
66633964666537376238353665353661333135323638393062353863373633313363363066386632
32313337623437306661623639396333353930346262386234313266343161633865383263313563
62613763363735363234646631663634643063306263613935616166383134616665633033343964
65663336623337323436626337336538623931316263633362353866313761643738326636653436
37363862653833386635306337383336306138376539626362393938383333313964376432633130
62663135366630626632643839306137316165316632323563356633656561313638623666306664
62663965666666383635333536363034623538303964613831613431333362353164613335616637
64316636306638393138366139366165353633303531336461636166306561646435376438666663
66653063323639336430326266316564303832373139613237303836353266666364363661343332
64656165663833363764333733613536333737386635656435346261393165636338666564656238
62613131656137633036346635316332376261356463393039336436383032303837663532633337
38646265306136663465616537666533346134363136393563313863663961643636323633343732
32656461363836373265623466306132636463303664373335303331393038663338353662396366
37613664383966623130623264363731666430316533666561326636363635366663313363336538
38656131633862656230373637316530393039396633623065353565323637373035313834313533
64386235356131386632366137366664643932643735653965666162353235383630326466633833
35333937643934626235623835643236376236623438333964626637646664623435326534346530
35643130663965313361656637613338343162653338333632353365323631333362386432346237
36376662623736633139323930613431386635643466393238626235336265366234633439663838
61623431366238653634303961306630663235633663356639666232373136656435663939323832
34346464656462656633393930616432353333626336613636633665633665306531343030663130
36306239393134626261646232346139303339393333393562383361383263313136656566666130
62316163393537623766373130666565326561376366663834366437633131386231303263656630
35633862663666646239313362366137383530343566386330353530626162636234346434303033
30396630393666313330616634646334303763633637393135656465376333633231636131653732
62356662373864376539663937323739353763313433366166633262313061353932303132366364
66623839363139646261333333613333303638373239623064643435393763346465616166386538
62363861356330333962393037356530343330356430333434346164393066326661356139376230
35666132336536646130363738323935336534396463316665303434623038633233316237373830
30343865366166633866633839626132666265316365373134326663316263323135646130376662
63366237306163376361663737613761336464376439363538383766613030373434376563643333
39333532316563333031343734643863303364666335333766656537393239666532353736376537
62616562656638323234316431326331393433346465356162346138613031303935346639316631
35366635383839396134373132316364366136653630653565333237323435333935633331333637
30363137636635343332366564326235326639626233623332623038626265376639363566626538
36386661366465393633323762396633623732633330366236346637623731303430373136613438
65313339633133373833366163663136646639643765393734653138643765313631333332656465
64313836333161356532343130366130366634386662393438363035346436363433623462373466
62376630306439353032656334373466356161646235323864343163333431356430333836623933
39646138386263623839336138373438653737383931613230373132366433396539303336616634
39636261323263326230343938633163333931663539633062343535336639643662636565343662
36373665396139303139633138633432303436346632636564626464353865633034393436383964
38323361646261343936363630323061323766643931376135396364383630653037323730626563
62663531313939623932353438663465616538626462386461353539323865353637643464653335
32623465353639646661616261616634363439643965346331616262346232653436613836353061
35373431353465306561666462343539663563656165353833616462376163353232353765383238
31346338623266636434333964326666643532393337343632623532396262356231383639633931
64666438653833636165353231653464383731346465663535633536663462356461316235396134
66336562383261366531303432666662623166363736363632373337643238303266626137663264
33333764376538376635343530306236396565396630663531633365316161383837363663303730
33633366363061623335323738626362643865643538336136393532333166303937636534613862
66336338346461633932643862306638626435623931356362666366336433353436323262303734
62396166383665316136383531303135303432313537363062633731326531616132633137616339
35656536656630643165663537396531356135336665666638366363316133396466343664666332
31346532323863626638333034653139373865313366623538626337653933383437616534333436
64666232386466613330346566663032313239323464373137613330346437303332323761626537
38613061353838616133393136323833326463316536356464396434313031303235393063663766
62303633363763626230313133623366363339373961353731633065326436353430316534326331
65383266313839643562656337316462343537323132313764646435633430336632393439353264
30323531656132653361393736646430666331356536383564386561343462353763393139383337
36353230313962363565333662616561316564643862663035313237633338666138326237343739
64653963303462626538343064326665633432333461343638393431353462396565613763323930
30323132623538356661333234386464386361663932333035656430636261393133343735363032
62363065356233646333623566643337343465396166623430623861366134653362303337373862
33383062613163373461323932353039383631383937653138666437343338343161353433333962
33333936343063373664386366613336626234656562383738646234613631393162383463316231
31636464313137353632313732663739353337323563653831613734353335333739626536306263
35366237646163316365323833383361623330623837333339393331656365396131356461383264
38656463323430386562316664303737323839363431393633356434343235366466623437393436
33613131623636633832613535643338383465353964366262613536373766343666383138396331
32376437376564343566616339343536643334363934666332333830363831303739383532616330
62373165363766333665383463333332313539336563623064613762633531316337613963633162
64303365323235343931613536316239646262303461326435326461653739363537616432306564
63343936383237323061646234323137363964643237333932313031346138653461343161643033
35363764396166323561306465373439376536313732653335316137363966383663633461396464
65323338393235306365383731323765643263386661613438626431393637653062323361663735
65643066353164303564356239313964636166373064633266656532623733356531623966656365
62396639393332643132346439323866633237663431663837346231663033613735346661356334
37346536333133353137376635626636343636666232316665643938333963366436616135663963
36393339656338383232626433646639656539303466363466373230653266343830393638633661
34616362646262363332616461333136386264636536376166333365306533376631376238356231
31303637643437336133313731313161396330303131663038383434623266373438316462663030
36666638353936656561373238386630313532633464653538363631363435363439653537613564
64353661656461633730643331313833393262346363376264336665376337653965633132356361
32333861363165623234396232663333393230383239306634396433373634343732653664323663
30346465633865623065363266643933376464366537353837343561653036626265386630383837
65623733633835313634666138376163613438376134613763393730616137633162373636386630
66623935373066316532623236326338626330623466363466666436613031313963326365616561
35633039383730383436636335353430666238656339626165333561633638306162303264613136
62326365616330666331646465376366623539383032393638646466336133326664303365333661
33373064633039653539623631313837343336353239623936626136383737326564646266333932
38356334376661376537393565353961356632623365316637323962323464643339306362313035
66643030653431386539366238633165306262616432643631333836303562393735363834343265
31343062373031383130353964383234353235633833303833373736353464316363376236306462
33623038363163373762363164303833326330396633623135613439383364396531346238633964
34363466613636326366663661383065663236393061386239353734633062663563613134643065
36353366393535666164646364323364373231353236323963383032353237373639633561623864
61373339383533666262653166643930313738363964643235646437343565393936346139313266
32396364363965383833616233313266383261613466633934626662353165393562623431636639
31383662366333656635343434303863613662393135656163333463306265363737323930383638
39303237376265393032663465346237343763326565663337306634666565316336303765666163
38666136656139633738316433383262623036373138313630396664393733376239346664663139
37336133306462613266613262386262643265663165373465336265346261646632303965366630
65643534353430353433333561393363393431626335626263666664343964623766393631393933
36616233643737653732306632386538623165663462323661353764616530343261626530666339
39666463313131363534386262303163353563633833373536623037323362623536613033333263
62643037396266656166656135633936303063623930323830396561326335646535343638303431
34646666353062356434383436653133643239653631383566366566326666383662326134363532
39376435303934346232323930396331613033383739386635316462313736376433393439316533
32313264373439643965376331313235333066373361666531353062633739383662653363613537
31633332353539363730636632656537636232626233643138616666633334386366333431343930
35313933303664343865356662383131636532666531346264633362636334326234383264646531
32363835326238333365613337656133333264646662646233383439643866653435393732323539
61666263376163636166396165643234653165353631343064343832613639613530383564373863
36346638623033326638613064643264646638356161613135333735653835306162656262656363
31623737636137303565356331366465373335393230316631373630636137616261626635353964
64386335323863363966363134343736326431353230623164356166363937616132613139303962
32653164376432626639656434616139306130313334343932343363366161653964363830656331
35356536336266333430363038383065306334653962633962326530653235663530383561613536
38303564666231623834386232343539383838303632633238326536366333656665613565303031
38306639353964343138626234653364326164643430396566376661373638343861326235356139
66306538313661386261313838633863633961356462353163313236346364333733386636363261
64663538343939326436643061616366666265303161346434343763616566303265393131383430
37313239393432336436663864306339353339633362343031396338303935626366623665346164
35393233333332323435303136633231303465666638376162373761343866636531313932636330
39306662303930663234343131303336373637306330353637633864653165333836666137646138
32346665393632306439306637626163303331323162386530366437356230376132376365633830
65623730303463383666383433636332323065386235316433343661333239396532623866346663
35396631323936323033333663623638633565653234303262343764306162313534373663646161
64333766663363306131346533623961643263646330626463616339376239656138623739386235
37303338303161316266373465616263636432616238653463666464323138366438383834396231
32616533313832313132386634373562373138653336376135383666383236663831383630336263
66306335663435306637393438333566646132663239366330653536316236353238636362616461
61336233653334383838346134303164336539366538653761643266346463633163343830393239
36383866376134396539666431323964383437343230373066626132376532643934653961623066
61346661323334336565656365383232643963666230386130626633303036353665333165303337
63306263353664613331656164376635316538333863383936343737373165643266666132333961
35363530313430613064326634303638316137373935303566623962346261303239353232623261
33663932616530383564613630653138613330323262633763666538363564393439353534636330
37353138376261633837616333356462333865373661366138306361346331356337353237646632
31326332356439303664663131303632613338386132643135373165633330313530323664613039
39346330393937666661353439643330623031623061343464613363316664656638623335323832
64383737633335356437326533356637343136613430623638313834353466613662643930353463
61353663343162616538656530393231333831356139306133626535333465633737313462356537
31343330333434356265363334373265613962626336363265356532393766306633313661363661
37636161373239363430376531346332616231373531313633316361623231613431333636663135
38656230313939363565643966316439646233643563396564386364303035363236663332343430
62326137363565373430626535666532313364646364633431656566356534333363333835313462
37343732653733646237396266666638663363653631613834613231373131663432346537306431
38346336396330623532343731326262663731623830363331373931656132643839633233396433
32336337326565306134383064343430313136333863616561376437303036363862376237643835
30343734653662306133636132633230653234343361313332366461303733666132333436306434
31393061313762366239656332363037366331376337336662633432633066373361646137363461
34386165316637316633376332653438333731333935396232356561643433653263396462326137
36613132336337653366623163613262666333333161383336323335326134626533373034396365
35386465313933303464336664646330633136396662393665396166653163653234303531303231
63616336393036303963653261653533336638363033363437306135326535313037306133303833
39393936393864613663363936306136353635656234643730326635386263313132313066373133
62343065306236376536323266313763326638363066343830393137643861353864366266626161
39343338353562363665616464343166343035616263376339656637616530366234353665306163
38353438323938383761653134386466383633666633613938393464336662316561336562386362
38306265633266323566646566373238373937653036323935353265353866356362666537633962
39666463316438346464346566373034393061633037393530313263306261356133366130663936
63363737336561326662343765363362356263393763636333346431636335336338356534636532
65323639306263663134643930633064316237633234383361316337313462373664386639326435
37636364376638326632383336396263633138336564386331373039343937633265396239363130
61383433323530346532306464333938646530613033336433393266653838663764393961373038
36383339336639333134313937383766323661373033643431326361306231643734303436323765
34333031613731346238393835643065626237316333346439333464326131393165383936346431
38323837656465656333333830313164353430623765316636343863353439653332353836643865
34663964646432306438633534396336613162383262623735343532393437303265303639633632
37323431343563313431663532323335316635336161303364643335613337373433656436363735
37656166613035373935383536383238663363353135653830633263326565396432653639623733
33373332646538373664393663333231353432383738343739323130353737313537346433663030
61376266633565353430653133323433343638323933633537623363333732653663643364616437
39663431623439653662376233373333326634663061636135623530303062336335363631323131
36353064323164643462636663393430303533663961363266313464663134616663336664383562
35663531613266613635626133303266656635353361613237323762363635663264633839313837
30643635323730316433396261646132623934343733353663373434313134393030653436353064
66626364366266626161626638636465613934623066363063373636313930393832653732626338
32393664356566363263363362373165376236303539646465323561356537363461376233323133
63653061626665383634623732613265313261363166653137636230636330396266306361373237
3466
